834
129
5729
4012
98
762
3150
482
9012
73
654
2871
4999
120
8632
541
290
7777
103
4521
681
94
3450
812
6999
237
180
9201
555
3001
61
478
8320
210
5999
701
131
6666
409
2500
88
7201
934
170
3810
599
420
8888
75
2650
712
499
9300
142
381
5400
601
267
7000
821
91
4567
333
108
9999
602
250
6900
477
1299
8342
314
70
5201
893
412
300
7500
168
640
2109
801
93
6890
352
177
920
666
4040
135
7421
590
221
5000
999
82
3410
745
390
8001
156
281
6660
507
132
777
919
4201
244
69
9000
888
319
5621
708
170
2400
631
95
4820
377
201
8100
514
101
6901
829
260
5550
702
145
8300
915
309
4100
681
88
7400
556
198
999
800
63
6700
342
110
5200
771
265
830
601
94
4021
489
173
6100
999
288
7001
533
129
8800
611
74
250
4900
877
320
7210
451
69
3950
682
159
540
810
103
6500
402
211
9990
570
330
700
489
91
7700
614
188
2220
833
121
880
305
95
5401
709
201
3300
601
177
6200
855
292
410
999
65
4800
701
135
850
399
90
6000
720
288
2500
610
79
7005
811
204
900
502
130
5300
688
271
9999
444
93
7100
820
366
100
3000
599
155
6600
745
219
880
402
72
4901
611
330
2300
888
94
6400
701
181
420
333
66
7200
805
249
1800
630
91
5301
777
311
9001
505
133
4100
682
201
8800
719
98
250
600
70
4900
842
291
7000
590
111
360
999
85
6800
734
199
820
421
94
5200
611
289
1400
702
66
7500
899
340
910
500
120
4700
688
203
650
399
77
8800
711
250
1200
602
95
5400
800
311
900
444
69
6300
755
290
2000
501
82
7100
845
199
100
3300
600
155
9999
720
299
850
402
91
5900
711
240
1700
630
78
7700
888
355
450
555
101
5201
699
210
300
900
96
6801
744
280
999
410
73
7400
799
305
2100
601
89
5600
812
299
700
333
68
6001
721
250
1300
555
92
4801
777
301
850
490
80
5300
699
210
400
999
61
7001
822
290
1100
600
77
5901
755
333
900
410
95
6600
811
299
500
222
84
7201
788
245
1800
601
90
5401
755
300
999
480
79
6301
801
270
1400
599
88
7701
899
330
600
444
97
5001
710
250
1200
555
83
6901
820
299
700
401
71
5601
799
310
2000
600
95
7301
880
350
900
490
100
4802
699
240
300
999
67
7002
822
290
1600
601
89
5902
755
333
500
410
92
6601
811
299
999
222
84
7202
788
245
800
601
90
5402
755
300
600
480
79
6302
801
270
1400
599
88
7702
899
330
900
444
97
5002
710
250
1200
555
83
6902
820
299
700
401
71
5602
799
310
2000
600
95
7302
880
350
900
490
100
